0 0 11259375 0 0 0 0 0 0 65537 196609 131087 1
0 0 11259375 0 0 0 0 0 0 65537 196609 131087 1
0 0 11259375 0 0 0 0 0 0 65537 196609 131087 1
0 0 11259375 0 0 0 0 0 0 65537 196609 131087 1
0 0 11259375 0 0 0 0 0 0 65537 196609 131087 1
0 0 11259375 0 0 0 0 0 0 65537 196609 131087 1
0 0 11259375 0 0 0 0 0 0 65537 196609 131087 1
0 0 11259375 0 0 0 0 0 0 65537 196609 131087 1
0 0 11259375 0 0 0 0 0 0 65537 196609 131087 1
0 0 11259375 0 0 0 0 0 0 65537 196609 131087 1
0 0 11259375 0 0 0 0 0 0 65537 196609 131087 1
0 0 11259375 0 0 0 0 0 0 65537 196609 131087 1
0 0 11259375 0 0 0 0 0 0 65537 196609 131087 1
0 0 11259375 0 0 0 0 0 0 65537 196609 131087 1
0 0 11259375 0 0 0 0 0 0 65537 196609 131087 1
0 0 11259375 0 0 0 0 0 0 65537 196609 131087 1
0 0 11259375 0 0 0 0 0 0 65537 196609 131087 1
0 0 11259375 0 0 0 0 0 0 65537 196609 131087 1
0 0 11259375 0 0 0 0 0 0 65537 196609 131087 1
0 0 11259375 0 0 0 0 0 0 65537 196609 131087 1
0 0 11259375 0 0 0 0 0 0 65537 196609 131087 1
0 0 11259375 0 0 0 0 0 0 65537 196609 131087 1
0 0 11259375 0 0 0 0 0 0 65537 196609 131087 1
0 0 11259375 0 0 0 0 0 0 65537 196609 131087 1
0 0 11259375 0 0 0 0 0 0 65537 196609 131087 1
0 0 11259375 0 0 0 0 0 0 65537 196609 131087 1
0 0 11259375 0 0 0 0 0 0 65537 196609 131087 1
0 0 11259375 0 0 0 0 0 0 65537 196609 131087 1
0 0 11259375 0 0 0 0 0 0 65537 196609 131087 1
0 0 11259375 0 0 0 0 0 0 65537 196609 131087 1
0 0 11259375 0 0 0 0 0 0 65537 196609 131087 1
0 0 11259375 0 0 0 0 0 0 65537 196609 131087 1
0 0 11259375 0 0 0 0 0 0 65537 196609 131087 1
0 0 11259375 0 0 0 0 0 0 65537 196609 131087 1
0 0 11259375 0 0 0 0 0 0 65537 196609 131087 1
0 0 11259375 0 0 0 0 0 0 65537 196609 131087 1
0 0 11259375 0 0 0 0 0 0 65537 196609 131087 1
0 0 11259375 0 0 0 0 0 0 65537 196609 131087 1
0 0 11259375 0 0 0 0 0 0 65537 196609 131087 1
0 0 11259375 0 0 0 0 0 0 65537 196609 131087 1
0 0 11259375 0 0 0 0 0 0 65537 196609 131087 1
0 0 11259375 0 0 0 0 0 0 65537 196609 131087 1
0 0 11259375 0 0 0 0 0 0 65537 196609 131087 1
0 0 11259375 0 0 0 0 0 0 65537 196609 131087 1
0 0 11259375 0 0 0 0 0 0 65537 196609 131087 1
0 0 11259375 0 0 0 0 0 0 65537 196609 131087 1
0 0 11259375 0 0 0 0 0 0 65537 196609 131087 1
0 0 11259375 0 0 0 0 0 0 65537 196609 131087 1
0 0 11259375 0 0 0 0 0 0 65537 196609 131087 1
0 0 11259375 0 0 0 0 0 0 65537 196609 131087 1
